Media: 0.532294735155462
Varianza: 0.1155497746035915
Asimetría: -0.09169748345580572
Curtosis: -1.4576568388484967
