Media: 0.5147023121453579
Varianza: 0.07764203062698805
Asimetría: -0.03248164957705357
Curtosis: -1.179905362084529
